196.0 6.003046875000017e-09
197.0 5.171406250000014e-09
198.0 5.914062500000016e-09
199.0 5.853750000000015e-09
200.0 5.747656250000016e-09
201.0 5.588125000000014e-09
202.0 6.008906250000016e-09
203.0 6.0733593750000166e-09
204.0 5.739687500000015e-09
205.0 6.086250000000016e-09
206.0 5.793750000000015e-09
207.0 6.311562500000018e-09
208.0 5.640546875000015e-09
209.0 5.094062500000014e-09
210.0 7.656250000000021e-09
216.0 5.5693750000000154e-09
217.0 9.217421875000022e-09
219.0 5.480000000000014e-09
220.0 5.879375000000016e-09
221.0 8.176093750000022e-09
222.0 8.302656250000022e-09
223.0 5.702656250000016e-09
224.0 7.2819531250000205e-09
225.0 5.766640625000015e-09
226.0 6.032500000000016e-09
227.0 5.545312500000015e-09
228.0 5.301250000000014e-09
229.0 5.645625000000015e-09
230.0 5.326250000000014e-09
231.0 5.313281250000014e-09
232.0 4.592500000000011e-09
233.0 4.626875000000012e-09
234.0 5.312187500000013e-09
235.0 6.043437500000017e-09
237.0 5.258125000000014e-09
238.0 5.002968750000013e-09
239.0 5.194062500000015e-09
240.0 5.363359375000014e-09
241.0 4.968750000000013e-09
242.0 5.579062500000015e-09
243.0 5.800859375000015e-09
244.0 5.8958593750000155e-09
245.0 4.5894531250000114e-09
246.0 6.573125000000018e-09
247.0 5.153437500000014e-09
248.0 6.996406250000019e-09
249.0 6.4729687500000185e-09
251.0 6.174687500000017e-09
252.0 7.603554687500022e-09
253.0 5.595000000000015e-09
254.0 5.9075781250000155e-09
255.0 6.042500000000017e-09
256.0 5.9825000000000165e-09
257.0 5.171406250000014e-09
258.0 6.380000000000017e-09
259.0 5.842421875000015e-09
260.0 5.612500000000015e-09
261.0 5.496250000000015e-09
262.0 5.867812500000016e-09
263.0 6.0169531250000155e-09
264.0 5.681953125000016e-09
265.0 5.377812500000015e-09
267.0 5.533828125000015e-09
269.0 5.296718750000013e-09
270.0 5.749062500000016e-09
271.0 5.768984375000015e-09
272.0 5.350937500000014e-09
273.0 5.329531250000015e-09
274.0 5.183750000000015e-09
275.0 5.7363281250000165e-09
276.0 6.215625000000017e-09
278.0 6.494843750000018e-09
279.0 5.545000000000014e-09
280.0 7.412812500000021e-09
281.0 7.13421875000002e-09
282.0 7.38179687500002e-09
283.0 4.7946093750000125e-09
284.0 4.916718750000012e-09
285.0 2.2043750000000065e-09
